[gd_scene load_steps=12 format=2]

[ext_resource path="res://ships/bwing/BWing.tscn" type="PackedScene" id=1]
[ext_resource path="res://ships/victory/VictoryII.tscn" type="PackedScene" id=2]
[ext_resource path="res://ships/tieln/TieLN.tscn" type="PackedScene" id=3]
[ext_resource path="res://skybox/SkyBox4.tscn" type="PackedScene" id=4]
[ext_resource path="res://textures/Terraformed Mars 2229_DizzyCrow.jpg" type="Texture" id=5]
[ext_resource path="res://materials/test_planet.material" type="Material" id=6]
[ext_resource path="res://textures/star02.png" type="Texture" id=7]

[sub_resource type="SpatialMaterial" id=1]
params_diffuse_mode = 1
params_specular_mode = 2
albedo_texture = ExtResource( 5 )

[sub_resource type="SphereMesh" id=2]
material = SubResource( 1 )
radius = 105.0
height = 210.0

[sub_resource type="SphereMesh" id=3]
material = ExtResource( 6 )
radius = 105.0
height = 210.0

[sub_resource type="SpatialMaterial" id=4]
flags_transparent = true
flags_unshaded = true
flags_albedo_tex_force_srgb = true
params_billboard_mode = 1
albedo_texture = ExtResource( 7 )

[node name="FightTest" type="Spatial"]

[node name="BWing" parent="." instance=ExtResource( 1 )]

[node name="Camera" type="Camera" parent="BWing"]
transform = Transform( -1, -1.94281e-016, -8.74228e-008, -1.47345e-016, 1, 0, 8.74228e-008, 0, -1, -2.48812e-008, 0.118323, -0.265802 )
current = true
fov = 65.0
near = 0.01
far = 1000.0

[node name="VictoryII" parent="." instance=ExtResource( 2 )]
transform = Transform( -0.0345767, 0, -0.196988, 0, 0.2, 0, 0.196988, 0, -0.0345767, 3.13386, 0.62741, 6.72549 )

[node name="TIE" parent="." instance=ExtResource( 3 )]
transform = Transform( -0.172883, 0, -0.984942, 0, 1, 0, 0.984942, 0, -0.172883, -3.14004, -0.0223304, 5.62426 )

[node name="TIE2" parent="." instance=ExtResource( 3 )]
transform = Transform( -0.172883, 0, -0.984942, 0, 1, 0, 0.984942, 0, -0.172883, -2.75269, 0.154924, 5.92897 )

[node name="TIE3" parent="." instance=ExtResource( 3 )]
transform = Transform( -0.172883, 0, -0.984942, 0, 1, 0, 0.984942, 0, -0.172883, -2.91255, 0.133387, 5.45684 )

[node name="Skybox4" parent="." instance=ExtResource( 4 )]

[node name="Planet" type="Spatial" parent="."]
transform = Transform( 1, 0, 0, 0, 1, 0, 0, 0, 1, 158.27, 0, 141.18 )

[node name="MeshInstance" type="MeshInstance" parent="Planet"]
cast_shadow = 0
mesh = SubResource( 2 )
material/0 = null

[node name="MeshInstance2" type="MeshInstance" parent="Planet"]
cast_shadow = 0
mesh = SubResource( 3 )
material/0 = null

[node name="OmniLight" type="OmniLight" parent="."]
transform = Transform( 1, 0, 0, 0, 1, 0, 0, 0, 1, -265.993, -129.946, 208.557 )
shadow_enabled = true
omni_range = 5000.0

[node name="Sprite3D" type="Sprite3D" parent="OmniLight"]
transform = Transform( 0.700557, 0, -0.713596, 0, 1, 0, 0.713596, 0, 0.700557, 0, 0, 0 )
material_override = SubResource( 4 )
cast_shadow = 0
pixel_size = 0.5
texture = ExtResource( 7 )
